%YAML:1.0
---
cameraMatrix: !!opencv-matrix
   rows: 3
   cols: 3
   dt: d
   data: [ 2.4622170454526940e+03, 0., 1.3046448276009376e+03, 0.,
       2.4619695977760871e+03, 1.0258680088011631e+03, 0., 0., 1. ]
distCoeffs: !!opencv-matrix
   rows: 1
   cols: 5
   dt: d
   data: [ -7.7776546541176633e-02, 4.0376307460156441e-01,
       1.1572042159908966e-03, -4.8839756798560495e-04,
       1.1037047715893644e-01 ]
