%YAML:1.0
---
cameraMatrix1: !!opencv-matrix
   rows: 3
   cols: 3
   dt: d
   data: [ 2.4645657353061001e+03, 0., 1.3266899789773058e+03, 0.,
       2.4642916011250145e+03, 1.0197733253860398e+03, 0., 0., 1. ]
cameraMatrix2: !!opencv-matrix
   rows: 3
   cols: 3
   dt: d
   data: [ 2.4622170454526940e+03, 0., 1.3046448276009376e+03, 0.,
       2.4619695977760871e+03, 1.0258680088011631e+03, 0., 0., 1. ]
distCoeffs1: !!opencv-matrix
   rows: 1
   cols: 5
   dt: d
   data: [ -7.4373866419300647e-02, 3.7761520700317297e-01,
       3.2261911715602317e-04, -5.8815866970811392e-04,
       1.3703589400622074e-01 ]
distCoeffs2: !!opencv-matrix
   rows: 1
   cols: 5
   dt: d
   data: [ -7.7776546541176633e-02, 4.0376307460156441e-01,
       1.1572042159908966e-03, -4.8839756798560495e-04,
       1.1037047715893644e-01 ]
R: !!opencv-matrix
   rows: 3
   cols: 3
   dt: d
   data: [ 9.6887299626246404e-01, -2.7056455754129521e-03,
       2.4754352464852644e-01, 2.9211334537590930e-03,
       9.9999560685512090e-01, -5.0323931067483769e-04,
       -2.4754107556674446e-01, 1.2106826498828370e-03,
       9.6887664341482627e-01 ]
T: !!opencv-matrix
   rows: 3
   cols: 1
   dt: d
   data: [ -2.2570622908165319e+02, -1.2776415586080878e+00,
       2.5188332078440926e+01 ]
E: !!opencv-matrix
   rows: 3
   cols: 3
   dt: d
   data: [ 2.4269028612789073e-01, -2.5189768240916617e+01,
       -1.2252013059192877e+00, -3.1467267937293446e+01,
       2.0510791627957270e-01, 2.2491670213316479e+02,
       5.7855438854583185e-01, -2.2570869436671873e+02,
       4.2985614179335108e-01 ]
F: !!opencv-matrix
   rows: 3
   cols: 3
   dt: d
   data: [ -3.3254975008719449e-09, 3.4520471047923852e-07,
       -3.0624230967369372e-04, 4.3122796609392289e-07,
       -2.8111149959982749e-09, -8.1656770440975152e-03,
       -4.5756415457716811e-04, 7.1685182939678262e-03, 1. ]
