%YAML:1.0
---
cameraMatrix: !!opencv-matrix
   rows: 3
   cols: 3
   dt: d
   data: [ 2.4632603029465376e+03, 0., 1.3046136587553528e+03, 0.,
       2.4627362295486828e+03, 1.0243380272163563e+03, 0., 0., 1. ]
distCoeffs: !!opencv-matrix
   rows: 1
   cols: 5
   dt: d
   data: [ -9.0735517004324084e-02, 4.2379391155504864e-01,
       1.0503356077528122e-03, -6.4638397011561983e-04,
       -3.8918458748337312e-02 ]
rotationVector: !!opencv-matrix
   rows: 3
   cols: 1
   dt: d
   data: [ 2.0746543139114271e-01, 1.9144082667267540e-01,
       1.5747509667045330e+00 ]
rotationMatrix: !!opencv-matrix
   rows: 3
   cols: 3
   dt: d
   data: [ -1.1748471364864118e-02, -9.6792553545871851e-01,
       2.5096240998910968e-01, 9.9986205714905207e-01,
       -1.4318485364211901e-02, -8.4171046411871675e-03,
       1.1740532111229607e-02, 2.5082890340594294e-01,
       9.6796023736614178e-01 ]
translationVector: !!opencv-matrix
   rows: 3
   cols: 1
   dt: d
   data: [ 6.0071861980705975e+01, -6.9824427205347277e+01,
       2.5746999561447171e+02 ]
extrinsicMatrix: !!opencv-matrix
   rows: 3
   cols: 4
   dt: d
   data: [ -1.1748471364864118e-02, -9.6792553545871851e-01,
       2.5096240998910968e-01, 6.0071861980705975e+01,
       9.9986205714905207e-01, -1.4318485364211901e-02,
       -8.4171046411871675e-03, -6.9824427205347277e+01,
       1.1740532111229607e-02, 2.5082890340594294e-01,
       9.6796023736614178e-01, 2.5746999561447171e+02 ]
projectionMatrix: !!opencv-matrix
   rows: 3
   cols: 4
   dt: d
   data: [ -1.3622684580007945e+01, -2.0570177343097121e+03,
       1.8809998888579096e+03, 4.8387150593947701e+05,
       2.4744227861933332e+03, 2.2167093142497833e+02,
       9.7078937141975564e+02, 9.1777160789038462e+04,
       1.1740532111229607e-02, 2.5082890340594294e-01,
       9.6796023736614178e-01, 2.5746999561447171e+02 ]
