%YAML:1.0
---
cameraMatrix: !!opencv-matrix
   rows: 3
   cols: 3
   dt: d
   data: [ 2.4682644869802753e+03, 0., 1.3269615018669413e+03, 0.,
       2.4680263830709741e+03, 1.0230459056354159e+03, 0., 0., 1. ]
distCoeffs: !!opencv-matrix
   rows: 1
   cols: 5
   dt: d
   data: [ -7.7958393053854630e-02, 3.4496421685437878e-01,
       1.6733307155593520e-04, -4.6172698825117141e-04,
       1.4094780959676326e-01 ]
rotationVector: !!opencv-matrix
   rows: 3
   cols: 1
   dt: d
   data: [ 7.5066736736780623e-03, -2.8727811072448145e-01,
       9.2058994744587570e-03 ]
rotationMatrix: !!opencv-matrix
   rows: 3
   cols: 3
   dt: d
   data: [ 9.5897705454384152e-01, -1.0150424797321424e-02,
       -2.8330191975144126e-01, 8.0087373624494074e-03,
       9.9992993532050911e-01, -8.7169132026038657e-03,
       2.8337055066516248e-01, 6.0904290781803707e-03,
       9.5899115621019482e-01 ]
translationVector: !!opencv-matrix
   rows: 3
   cols: 1
   dt: d
   data: [ -6.8063360776400799e+01, -7.1089936311423685e+01,
       2.5504156623888775e+02 ]
extrinsicMatrix: !!opencv-matrix
   rows: 3
   cols: 4
   dt: d
   data: [ 9.5897705454384152e-01, -1.0150424797321424e-02,
       -2.8330191975144126e-01, -6.8063360776400799e+01,
       8.0087373624494074e-03, 9.9992993532050911e-01,
       -8.7169132026038657e-03, -7.1089936311423685e+01,
       2.8337055066516248e-01, 6.0904290781803707e-03,
       9.5899115621019482e-01, 2.5504156623888775e+02 ]
projectionMatrix: !!opencv-matrix
   rows: 3
   cols: 4
   dt: d
   data: [ 2.7430308190550168e+03, -1.6972168138396114e+01,
       5.7328027730597637e+02, 1.7043196350593516e+05,
       3.0966685674125904e+02, 2.4740842501254642e+03,
       9.5957840413844724e+02, 8.5467391720108950e+04,
       2.8337055066516248e-01, 6.0904290781803707e-03,
       9.5899115621019482e-01, 2.5504156623888775e+02 ]
