%YAML:1.0
---
R1: !!opencv-matrix
   rows: 3
   cols: 3
   dt: d
   data: [ 8.5562023424795541e-01, -4.0769892059061830e-01,
       3.1889748336215906e-01, 3.7913591967659338e-01,
       9.1308540147225548e-01, 1.5010331118677364e-01,
       -3.5237759457215423e-01, -7.5259396419576829e-03,
       9.3582765030535831e-01 ]
R2: !!opencv-matrix
   rows: 3
   cols: 3
   dt: d
   data: [ 4.2824121510300056e-01, 8.2837813445670294e-01,
       -3.6110819436996722e-01, -8.5944312515723653e-01,
       4.9682793945425746e-01, 1.2049694268984242e-01,
       2.7922567272202620e-01, 2.5875019793551668e-01,
       9.2470609317840158e-01 ]
P1: !!opencv-matrix
   rows: 3
   cols: 4
   dt: d
   data: [ 2.4653813063098287e+03, 0., 2.3580011177062988e+02, 0., 0.,
       2.4653813063098287e+03, 5.4055162906646729e+02, 0., 0., 0., 1.,
       0. ]
P2: !!opencv-matrix
   rows: 3
   cols: 4
   dt: d
   data: [ 2.4653813063098287e+03, 0., 2.4974326858520508e+03,
       -4.9132752522139146e+05, 0., 2.4653813063098287e+03,
       5.4055162906646729e+02, 0., 0., 0., 1., 0. ]
Q: !!opencv-matrix
   rows: 4
   cols: 4
   dt: d
   data: [ 1., 0., 0., -2.3580011177062988e+02, 0., 1., 0.,
       -5.4055162906646729e+02, 0., 0., 0., 2.4653813063098287e+03, 0.,
       0., 5.0177960316775076e-03, 1.1348410955338341e+01 ]
