%YAML:1.0
---
cameraMatrix1: !!opencv-matrix
   rows: 3
   cols: 3
   dt: d
   data: [ 2.4682644869802753e+03, 0., 1.3269615018669413e+03, 0.,
       2.4680263830709741e+03, 1.0230459056354159e+03, 0., 0., 1. ]
cameraMatrix2: !!opencv-matrix
   rows: 3
   cols: 3
   dt: d
   data: [ 2.4632603029465376e+03, 0., 1.3046136587553528e+03, 0.,
       2.4627362295486828e+03, 1.0243380272163563e+03, 0., 0., 1. ]
distCoeffs1: !!opencv-matrix
   rows: 1
   cols: 5
   dt: d
   data: [ -7.7958393053854630e-02, 3.4496421685437878e-01,
       1.6733307155593520e-04, -4.6172698825117141e-04,
       1.4094780959676326e-01 ]
distCoeffs2: !!opencv-matrix
   rows: 1
   cols: 5
   dt: d
   data: [ -9.0735517004324084e-02, 4.2379391155504864e-01,
       1.0503356077528122e-03, -6.4638397011561983e-04,
       -3.8918458748337312e-02 ]
R: !!opencv-matrix
   rows: 3
   cols: 3
   dt: d
   data: [ -5.7826781781735281e-02, -9.6143988768606448e-01,
       2.6886689211387682e-01, 8.0596463885215919e-01,
       1.1397012892834893e-01, 5.8088881090270972e-01,
       -5.8913246747117587e-01, 2.5028813810938577e-01,
       7.6829602608178349e-01 ]
T: !!opencv-matrix
   rows: 3
   cols: 1
   dt: d
   data: [ -8.5344484391055346e+01, -1.6508804447752070e+02,
       7.1965498814674731e+01 ]
E: !!opencv-matrix
   rows: 3
   cols: 3
   dt: d
   data: [ 3.9257079731048186e+01, -4.9521496454699545e+01,
       -1.6864044155816865e+02, -5.4440739870127615e+01,
       -4.7829789001509710e+01, 8.4918968211373098e+01,
       -7.8331146863035656e+01, -1.6844895283015157e+02,
       -5.1889466111965490e+00 ]
F: !!opencv-matrix
   rows: 3
   cols: 3
   dt: d
   data: [ 4.5913293734250034e-08, -5.7923676039315801e-08,
       -4.8849272820910021e-04, -6.3684960931722178e-08,
       -5.5956846270893366e-08, 3.8694759361344812e-04,
       -2.2032972641287417e-04, -3.5244754916670466e-04, 1. ]
