%YAML:1.0
---
cameraMatrix: !!opencv-matrix
   rows: 3
   cols: 3
   dt: d
   data: [ 2.4645657353061001e+03, 0., 1.3266899789773058e+03, 0.,
       2.4642916011250145e+03, 1.0197733253860398e+03, 0., 0., 1. ]
distCoeffs: !!opencv-matrix
   rows: 1
   cols: 5
   dt: d
   data: [ -7.4373866419300647e-02, 3.7761520700317297e-01,
       3.2261911715602317e-04, -5.8815866970811392e-04,
       1.3703589400622074e-01 ]
