%YAML:1.0
---
R1: !!opencv-matrix
   rows: 3
   cols: 3
   dt: d
   data: [ 9.9035094337900020e-01, 2.8024179042950748e-03,
       1.3855379966718301e-01, -2.7046142360492155e-03,
       9.9999594276157844e-01, -8.9416006177713947e-04,
       -1.3855574333154999e-01, 5.1079768167424028e-04,
       9.9035450474846132e-01 ]
R2: !!opencv-matrix
   rows: 3
   cols: 3
   dt: d
   data: [ 9.9381479943642692e-01, 5.6256271458975868e-03,
       -1.1090760451993242e-01, -5.5474058298711415e-03,
       9.9998409907189212e-01, 1.0138500555091931e-03,
       1.1091154452848047e-01, -3.9232969768356393e-04,
       9.9383020449557447e-01 ]
P1: !!opencv-matrix
   rows: 3
   cols: 4
   dt: d
   data: [ 2.4631305994505510e+03, 0., 8.8742419433593750e+02, 0., 0.,
       2.4631305994505510e+03, 1.0237016372680664e+03, 0., 0., 0., 1.,
       0. ]
P2: !!opencv-matrix
   rows: 3
   cols: 4
   dt: d
   data: [ 2.4631305994505510e+03, 0., 1.6445679779052734e+03,
       -5.5940394493308105e+05, 0., 2.4631305994505510e+03,
       1.0237016372680664e+03, 0., 0., 0., 1., 0. ]
Q: !!opencv-matrix
   rows: 4
   cols: 4
   dt: d
   data: [ 1., 0., 0., -8.8742419433593750e+02, 0., 1., 0.,
       -1.0237016372680664e+03, 0., 0., 0., 2.4631305994505510e+03, 0.,
       0., 4.4031341247427278e-03, 3.3338056307709656e+00 ]
